{
    "n_kept_views": 373,
    "image_size": [ 1280, 720 ],
    "pattern": {
        "n_rows": 6,
        "n_cols": 9,
        "square_height": 1.9999999552965164e-02,
        "square_width": 1.9999999552965164e-02
    },
    "camera_matrix": {
        "type_id": "opencv-matrix",
        "rows": 3,
        "cols": 3,
        "dt": "d",
        "data": [ 1.7087093615928984e+03, 0.0, 6.4064936857477073e+02,
            0.0, 1.7087093615928984e+03, 3.5433012524007449e+02, 0.0,
            0.0, 1.0 ]
    },
    "distortion_coefficients": {
        "type_id": "opencv-matrix",
        "rows": 1,
        "cols": 5,
        "dt": "d",
        "data": [ -8.9088764142271876e-02, 3.3205972912788972e-01,
            2.7945276195999469e-04, -7.7373063240709905e-04, 0.0 ]
    },
    "selected_views": [ 1, 0, 1, 1, 1, 1, 1, 1, 1, 1, 1, 1, 1, 1, 1, 1,
        1, 1, 1, 1, 1, 1, 1, 1, 1, 0, 1, 1, 1, 1, 0, 1, 1, 1, 1, 1, 1, 1,
        0, 1, 1, 1, 1, 1, 1, 1, 1, 1, 1, 1, 1, 1, 1, 1, 1, 1, 1, 0, 1, 1,
        1, 1, 1, 1, 1, 1, 1, 1, 1, 1, 1, 1, 1, 1, 1, 1, 1, 1, 1, 1, 1, 1,
        1, 1, 1, 1, 1, 1, 1, 1, 1, 1, 1, 1, 1, 1, 1, 1, 1, 1, 1, 1, 1, 1,
        1, 1, 1, 0, 1, 1, 1, 1, 1, 1, 1, 1, 1, 1, 1, 1, 1, 1, 1, 1, 1, 1,
        1, 1, 1, 1, 1, 1, 0, 1, 1, 1, 1, 1, 1, 1, 1, 1, 1, 1, 1, 1, 1, 1,
        1, 1, 1, 1, 1, 1, 1, 1, 1, 1, 1, 1, 1, 1, 1, 1, 1, 1, 1, 1, 0, 0,
        1, 1, 1, 1, 1, 1, 1, 1, 1, 1, 1, 1, 1, 1, 1, 1, 1, 1, 1, 1, 1, 1,
        1, 1, 1, 1, 1, 1, 0, 1, 1, 1, 1, 1, 1, 1, 1, 1, 1, 1, 1, 0, 1, 1,
        1, 1, 1, 1, 1, 1, 1, 1, 1, 1, 1, 1, 1, 0, 0, 1, 1, 1, 1, 1, 1, 1,
        1, 1, 1, 1, 1, 1, 1, 1, 1, 1, 1, 1, 1, 1, 1, 1, 1, 1, 1, 1, 1, 1,
        1, 1, 1, 1, 1, 1, 1, 1, 1, 1, 1, 1, 1, 1, 1, 1, 1, 1, 1, 1, 1, 1,
        1, 1, 1, 1, 1, 1, 1, 1, 1, 1, 1, 1, 1, 1, 1, 1, 1, 1, 1, 1, 1, 1,
        1, 1, 1, 1, 1, 1, 1, 1, 1, 1, 1, 1, 1, 1, 1, 1, 1, 1, 1, 1, 1, 1,
        1, 1, 1, 1, 1, 1, 1, 1, 1, 1, 1, 1, 1, 1, 0, 1, 1, 1, 1, 1, 1, 1,
        1, 1, 1, 1, 1, 1, 1, 1, 1, 1, 1, 1, 1, 1, 1, 1, 1, 0, 1, 1, 1, 1,
        1, 1, 1, 1, 1, 1, 1, 1, 1, 1, 1, 1, 1, 1, 1, 1, 1, 1, 1, 1 ],
    "overall_rms_reprojection_error": 6.4020311832427979e-01,
    "per_view_rms_reprojection_errors": [ 8.48798990e-01, 5.81579924e-01,
        6.87590778e-01, 7.94252396e-01, 6.22270525e-01, 5.70791662e-01,
        7.21996248e-01, 5.50821781e-01, 6.75704360e-01, 5.16546845e-01,
        5.18379748e-01, 5.67579567e-01, 5.42099595e-01, 5.32346129e-01,
        5.21701992e-01, 6.93683386e-01, 5.56666613e-01, 8.13628852e-01,
        6.80030286e-01, 5.97576797e-01, 6.88133717e-01, 6.21695220e-01,
        7.62407660e-01, 6.69560850e-01, 6.12574697e-01, 7.79324114e-01,
        7.73969352e-01, 6.30337894e-01, 6.00883842e-01, 5.62937796e-01,
        5.67960083e-01, 5.65877855e-01, 6.81928515e-01, 5.42401135e-01,
        5.53979933e-01, 4.89507288e-01, 4.98423547e-01, 7.49440372e-01,
        7.47224331e-01, 7.79027343e-01, 6.68411016e-01, 6.84407294e-01,
        7.29175329e-01, 6.74462259e-01, 7.86588907e-01, 5.09858549e-01,
        5.23513317e-01, 5.47994077e-01, 5.73673666e-01, 5.46621561e-01,
        5.80919623e-01, 8.34458947e-01, 7.56816149e-01, 5.19378006e-01,
        5.54683924e-01, 7.97753751e-01, 5.91387570e-01, 7.44268596e-01,
        6.18065238e-01, 8.08591187e-01, 7.89106667e-01, 7.78250098e-01,
        6.89130604e-01, 5.76587558e-01, 5.86002171e-01, 4.78771925e-01,
        7.82683432e-01, 5.48348129e-01, 6.97519124e-01, 5.54605067e-01,
        6.26200140e-01, 8.99123132e-01, 5.77083945e-01, 6.81987286e-01,
        5.16884327e-01, 8.92874897e-01, 4.81773674e-01, 6.28750443e-01,
        6.79230392e-01, 5.82889318e-01, 5.11862576e-01, 7.64670670e-01,
        6.83150291e-01, 7.11889744e-01, 5.22857487e-01, 8.24629903e-01,
        5.15183628e-01, 5.19601762e-01, 7.05032229e-01, 6.98144138e-01,
        7.19267964e-01, 6.34075105e-01, 5.08820057e-01, 6.71545565e-01,
        7.18141496e-01, 6.48741305e-01, 4.77317959e-01, 5.51911294e-01,
        7.86900759e-01, 5.73666811e-01, 7.46286035e-01, 6.37679815e-01,
        8.91304255e-01, 8.60823452e-01, 7.97018588e-01, 7.69157529e-01,
        8.77145052e-01, 5.43367445e-01, 5.02283871e-01, 5.19216239e-01,
        7.58437514e-01, 5.36709964e-01, 6.50524080e-01, 8.44225705e-01,
        5.83736241e-01, 6.26983047e-01, 7.13338852e-01, 5.28696954e-01,
        4.73991096e-01, 5.11692941e-01, 6.36794925e-01, 6.74037576e-01,
        4.64248538e-01, 8.03310633e-01, 5.71136117e-01, 8.91979516e-01,
        6.62135899e-01, 5.46967387e-01, 5.46011627e-01, 5.55268168e-01,
        6.90887451e-01, 4.79217470e-01, 7.37019360e-01, 7.02428758e-01,
        5.48576593e-01, 7.22077429e-01, 8.22404742e-01, 5.79536796e-01,
        7.04656184e-01, 5.76093674e-01, 5.59550822e-01, 5.84084034e-01,
        5.99631488e-01, 5.15253961e-01, 5.59448004e-01, 5.28355002e-01,
        7.17465580e-01, 5.44989645e-01, 5.18709183e-01, 8.93945277e-01,
        5.10803998e-01, 5.19549847e-01, 5.82094133e-01, 6.83404922e-01,
        9.15228426e-01, 7.03638315e-01, 5.51264107e-01, 7.81177461e-01,
        9.01081622e-01, 9.36499655e-01, 6.13761902e-01, 8.96638274e-01,
        8.24757993e-01, 8.62224758e-01, 7.74649560e-01, 6.27687693e-01,
        5.59122443e-01, 7.88383961e-01, 6.19513631e-01, 5.59076667e-01,
        7.35483766e-01, 5.74028015e-01, 8.67385209e-01, 6.43561065e-01,
        5.02886236e-01, 5.34107804e-01, 5.63076198e-01, 5.43122053e-01,
        5.62016726e-01, 6.44122124e-01, 5.75555623e-01, 5.93462825e-01,
        6.39387488e-01, 7.24902511e-01, 8.78694236e-01, 7.19470918e-01,
        5.62596500e-01, 6.50021493e-01, 7.25821435e-01, 6.66660070e-01,
        6.69271111e-01, 4.88900483e-01, 8.57304037e-01, 4.81658518e-01,
        5.22053659e-01, 6.00496292e-01, 4.79460865e-01, 5.68157554e-01,
        5.58296740e-01, 5.62143028e-01, 6.33234680e-01, 6.57708526e-01,
        6.26965880e-01, 7.86948681e-01, 6.24103785e-01, 7.07262695e-01,
        9.15212095e-01, 5.89781880e-01, 6.29805565e-01, 5.56708872e-01,
        5.49860895e-01, 7.31840312e-01, 8.23317826e-01, 6.25519693e-01,
        5.56764364e-01, 5.24805307e-01, 8.03847432e-01, 7.37300515e-01,
        6.44527316e-01, 7.32795477e-01, 6.14303172e-01, 5.89178562e-01,
        6.45808399e-01, 5.77366650e-01, 6.57624781e-01, 5.47550738e-01,
        5.93581975e-01, 5.23220301e-01, 4.62578893e-01, 6.61138713e-01,
        6.10644460e-01, 6.71098530e-01, 7.19147384e-01, 6.00386798e-01,
        6.36383355e-01, 6.90068305e-01, 6.22577548e-01, 7.60600090e-01,
        5.25626421e-01, 6.23733044e-01, 5.40412366e-01, 5.28157532e-01,
        6.62360251e-01, 5.13624191e-01, 7.39766061e-01, 8.81235838e-01,
        6.07562900e-01, 7.58801579e-01, 7.22223580e-01, 6.60399914e-01,
        5.87028742e-01, 7.31896758e-01, 7.19897807e-01, 5.85471034e-01,
        6.38071001e-01, 6.02137268e-01, 6.43413782e-01, 6.33761525e-01,
        7.47069657e-01, 5.92983305e-01, 5.93295455e-01, 6.31127000e-01,
        6.96712971e-01, 6.08357131e-01, 5.25678456e-01, 5.55038452e-01,
        6.66031659e-01, 6.49624765e-01, 5.56406558e-01, 6.17420375e-01,
        4.73050117e-01, 5.64232707e-01, 6.09980404e-01, 5.71667016e-01,
        8.00747216e-01, 6.16165817e-01, 6.22893453e-01, 7.52637625e-01,
        6.62510455e-01, 5.59171021e-01, 6.64969504e-01, 6.43613636e-01,
        6.38555110e-01, 5.66238344e-01, 7.11187243e-01, 5.83844543e-01,
        5.61400771e-01, 5.76651335e-01, 5.63524783e-01, 7.05975294e-01,
        5.64349711e-01, 5.88029206e-01, 7.47873664e-01, 7.01010466e-01,
        5.46599030e-01, 6.86451197e-01, 5.83731353e-01, 4.82454360e-01,
        5.24279773e-01, 5.17117143e-01, 4.38699782e-01, 5.56594908e-01,
        5.32011747e-01, 6.68713868e-01, 6.60194099e-01, 5.47541976e-01,
        5.72492421e-01, 6.20489597e-01, 5.51333547e-01, 6.60359085e-01,
        6.09076619e-01, 6.91262662e-01, 6.05011225e-01, 5.35600364e-01,
        6.88268363e-01, 6.07763588e-01, 6.19373739e-01, 5.61027348e-01,
        6.31915510e-01, 5.54902077e-01, 5.46333373e-01, 4.29356903e-01,
